 (5.554822497386590E-002,0.000000000000000E+000)
 (1.307204076132965E-003,0.000000000000000E+000)
 (-2.401421815262946E-003,1.190254076618537E-003)
 (1.324591966837747E-004,0.000000000000000E+000)
 (-9.437278423074586E-005,-6.146860178051114E-006)
 (2.078920495158225E-004,4.965275378368549E-005)
 (2.878002578514553E-005,0.000000000000000E+000)
 (-1.228151935254029E-005,-5.154649583865960E-005)
 (3.993010012697058E-005,3.632157755159237E-006)
 (1.623984947648702E-004,5.099445055863225E-005)
 (-8.775859160822420E-006,0.000000000000000E+000)
 (-6.559721424434577E-006,-2.650667258740608E-005)
 (-3.952018741323503E-006,6.024402295696018E-006)
 (9.883387356866989E-006,-2.739426987089606E-005)
 (-8.419819434072038E-005,-1.580087004052963E-004)
 (-1.361613189311731E-005,0.000000000000000E+000)
 (-2.170200058373323E-006,-6.138307332672149E-006)
 (-8.774937849742005E-006,2.624894254691761E-006)
 (3.321655576972373E-006,-6.030469494999291E-006)
 (-3.247073854922124E-005,-7.557606544535594E-007)
 (-1.707719839349954E-005,1.318238314253721E-004)
 (-7.813098321613246E-006,0.000000000000000E+000)
 (1.005341090440827E-007,9.290310077545104E-007)
 (-2.797544973642292E-006,-5.876822287464177E-008)
 (2.851721721297441E-006,4.002173132236185E-006)
 (-7.002882485593116E-006,1.746706866965687E-006)
 (1.763524132583041E-005,2.459337987764994E-005)
 (4.689543591160252E-005,-7.865670251985581E-005)
 (-3.047823143298151E-006,0.000000000000000E+000)
 (5.493446554768283E-007,1.100444033901031E-006)
 (2.003194345710609E-007,-7.724529805109429E-007)
 (4.076314558050031E-007,2.125606325514461E-006)
 (1.765992024903029E-006,-3.588687882394041E-006)
 (4.634648703738555E-006,2.890926376253950E-006)
 (6.437672693749957E-006,-2.180205039014691E-005)
 (-4.923650898978074E-005,6.045189378943716E-005)
 (-1.411620756157671E-006,0.000000000000000E+000)
 (1.833552065207930E-007,2.156636502178276E-007)
 (7.369489644014444E-009,-6.986910871711246E-007)
 (-5.562845725819933E-007,-4.172942051963573E-007)
 (1.468305371727858E-006,-1.893410877154677E-006)
 (-3.263109336130081E-006,2.185703849202640E-007)
 (-2.503875266268473E-007,-1.747937219731743E-006)
 (-1.199814627328733E-005,-8.534737621671782E-007)
 (7.362200709800919E-005,-5.657735290769745E-005)
 (-1.249545147488417E-006,0.000000000000000E+000)
 (-1.684299049978418E-007,8.886602157345599E-008)
 (-5.250551211687278E-007,-5.360745788153832E-007)
 (-3.364811671094192E-007,-4.147389215656425E-007)
 (-3.983462489258769E-007,4.004005295540232E-007)
 (-2.270990449135792E-006,3.056150190671100E-007)
 (1.094740408951987E-006,1.783240571682233E-006)
 (1.416943516677888E-006,-4.501517758087487E-006)
 (-1.276897975758936E-005,1.585554715159991E-005)
 (-1.036638352099575E-004,2.807397677678614E-005)
 (-1.114301479880716E-006,0.000000000000000E+000)
 (-2.683345078662543E-007,3.038973961773340E-007)
 (-3.822877993425053E-007,-3.849711138676683E-007)
 (-1.321299607502221E-007,3.866248896690260E-007)
 (-5.915134579385124E-007,4.798021886712925E-007)
 (4.751479812921266E-007,2.572764629084817E-007)
 (1.359366241848430E-006,6.254863814291123E-007)
 (8.000556320637800E-007,3.542317030802236E-007)
 (-1.273137258902682E-005,7.657550277856498E-006)
 (4.733344725365428E-005,7.211913617852743E-006)
 (1.007119867291149E-004,-1.670938722257611E-005)
 (-8.244630841480529E-007,0.000000000000000E+000)
 (-2.811247051191970E-007,3.397406150702192E-007)
 (-5.776840171860229E-008,-2.492455131432489E-007)
 (-1.947927157512339E-007,4.038014094804223E-007)
 (1.680423814516125E-007,-3.252200974064923E-007)
 (8.092934480665885E-007,1.600476312022357E-007)
 (7.365567087508349E-008,-3.432618178402176E-007)
 (-1.007931567095726E-006,8.246433644931443E-007)
 (2.434338129922710E-006,-3.650321382931645E-006)
 (2.839664680863077E-005,2.754022950234470E-006)
 (-4.260564543430304E-005,-6.074138747945632E-005)
 (-1.731333987734718E-004,1.208080421812714E-004)
 (-7.613497207402421E-007,0.000000000000000E+000)
 (-3.345381564165211E-007,2.359127317245222E-007)
 (-1.318411150949660E-008,-1.738069816535286E-007)
 (-2.939402877691941E-007,-8.858052551875683E-008)
 (3.511297862527722E-007,-4.068282004264664E-007)
 (-4.231271989301185E-007,2.355593322670588E-007)
 (-5.160621610873439E-007,-3.702237255118778E-007)
 (-2.961194430659456E-007,-5.352042561866256E-007)
 (4.783335179623130E-006,-2.836028154388113E-006)
 (-9.501129208560176E-006,5.019117188079439E-007)
 (-3.335439896384349E-005,-2.438294908277061E-005)
 (-1.363031853130258E-005,6.907104971092958E-005)
 (6.382720538655843E-004,-1.950557192166676E-004)
 (-8.925436415867595E-007,0.000000000000000E+000)
 (-4.192240586120182E-007,1.894335683055924E-007)
 (-1.419928794842348E-007,-2.354295213773146E-007)
 (-4.350500636319766E-007,-1.945640623061335E-007)
 (-1.247109534777097E-007,2.390487931274330E-007)
 (-8.329225335767826E-007,2.854720044049137E-007)
 (2.871496132399011E-007,-1.454732428833761E-008)
 (3.785414031460873E-007,-4.662785727237023E-007)
 (-9.840897494093477E-007,1.612906698834985E-006)
 (-1.313660366172489E-005,-3.816337417621035E-007)
 (8.360021708210018E-006,9.608459645095821E-006)
 (3.005818790535840E-005,2.977254765526479E-005)
 (-9.597826054222121E-006,3.155417289021376E-005)
 (-1.550085967282035E-003,-4.966333085391219E-004)
 (-9.346888346441487E-007,0.000000000000000E+000)
 (-5.050611078638206E-007,3.235198120949197E-007)
 (-2.198365427613501E-007,-2.505016173253901E-007)
 (-4.492818127934734E-007,1.121767808646256E-007)
 (-3.261550205679938E-007,6.102324032578812E-007)
 (3.524082218172656E-008,1.035670829162240E-007)
 (9.563515415212498E-007,2.317505100906171E-007)
 (-2.176966288072308E-007,4.282038396375314E-007)
 (-2.841558321378011E-006,1.822234917861456E-006)
 (2.305111266825230E-006,-5.082635467535707E-007)
 (1.904865593244791E-005,1.188946660278299E-005)
 (1.046976241283486E-007,-2.912286078057789E-006)
 (-8.334003351595695E-005,2.935569886761095E-006)
 (2.776486221067043E-004,-8.583639959842525E-005)
 (1.825163270721245E-003,2.552047155435956E-003)
 (-1.090457143393832E-006,0.000000000000000E+000)
 (-5.638384391132755E-007,1.958649021664828E-007)
 (-2.929863314039821E-007,8.771563814490465E-008)
 (-4.629486762052529E-007,4.311610842655769E-007)
 (1.054328204367139E-007,5.036677334888992E-007)
 (7.229547565380346E-007,-1.144882440080483E-007)
 (5.824836625015421E-007,7.796395888305904E-007)
 (-9.016231270957990E-007,-1.178593079030311E-007)
 (1.764406315752867E-006,-7.525693732795352E-007)
 (7.647430001758140E-006,-8.761316315134123E-008)
 (8.511679965930743E-007,6.410721542546710E-007)
 (-1.591608441026126E-005,-2.587645688182599E-005)
 (2.339876007267195E-005,6.486247498875690E-006)
 (2.862535245305215E-004,2.217432431050014E-005)
 (-5.306112830684835E-004,-4.234829982413337E-004)
 (1.323823782853907E-003,-2.468041795518188E-003)
 (-1.102297409486986E-006,0.000000000000000E+000)
 (-1.049880637720020E-006,-9.402400939292496E-009)
 (-1.067784727320060E-007,-1.203281147069875E-007)
 (-4.146623094111675E-007,-3.875691492747584E-007)
 (3.291617997580837E-007,3.225839374758257E-007)
 (-1.096684230446420E-007,-1.717630731949593E-007)
 (-2.092035367628301E-007,9.349175558559985E-009)
 (2.238287097066627E-007,-1.081452238982433E-006)
 (1.453634824671160E-006,-1.550926760615428E-006)
 (-1.070157819604947E-006,-3.388649027256799E-007)
 (-1.242496378198634E-005,-4.644695997817086E-006)
 (-3.252068755242365E-006,-1.026792364292078E-005)
 (1.612174536291213E-005,3.070043403881498E-005)
 (-1.379466894925922E-005,4.084582098353522E-005)
 (-5.250840474137021E-004,-5.078493083214013E-004)
 (4.883885926094735E-004,1.217810985924311E-003)
 (4.184818285043160E-003,2.301653031637876E-003)
 (-1.018589063390867E-006,0.000000000000000E+000)
 (-9.036662807817710E-007,5.272395545294909E-007)
 (-2.618618081883234E-007,3.676049475643391E-007)
 (1.270699720888787E-007,-4.186535568670638E-007)
 (-2.971390455714683E-007,2.468667987545014E-007)
 (-6.420353183107344E-007,5.150613717355135E-008)
 (-4.605601873407673E-007,2.687208607190445E-007)
 (1.239163624309666E-006,-9.765679179883726E-008)
 (-1.177639843072520E-006,-6.058877343207197E-008)
 (-4.402291818268173E-006,1.430527816574581E-006)
 (-6.760391721005529E-006,-1.512809882106794E-006)
 (1.442046948326056E-005,1.771444509376594E-005)
 (-6.476890635415463E-006,1.489863785577444E-005)
 (-8.003048065969497E-005,5.218708899216858E-006)
 (1.960218773912068E-005,6.272508537695196E-006)
 (6.349421802283368E-004,8.735407583257884E-004)
 (-1.033281696547999E-003,-1.357964133610582E-003)
 (-2.194708368006294E-002,-6.859419721831052E-004)
 (-1.085185364002932E-006,0.000000000000000E+000)
 (5.150573969961169E-007,-3.145313701033360E-010)
 (2.044297823743305E-007,-3.206711003223570E-008)
 (-4.147902571709063E-007,-2.495060288958296E-007)
 (3.060348377420610E-007,4.472810146313800E-007)
 (-3.586998734580386E-007,1.212251944026679E-007)
 (1.526368820214823E-007,1.639051368201049E-007)
 (-7.880995943601550E-008,7.370174435859736E-007)
 (-1.836235698565524E-007,6.186936742623902E-007)
 (-5.077544057199594E-007,3.235806902489894E-006)
 (3.329085828163376E-006,2.296600488011372E-007)
 (5.010852615476760E-006,7.332330829903287E-006)
 (5.701774655333266E-006,-1.642613656053572E-006)
 (-7.220828030866186E-006,8.321485058600579E-006)
 (2.602525995744668E-005,1.800672902667326E-005)
 (1.413855727381450E-004,-2.330822033954489E-005)
 (-7.494896698259703E-004,1.092575305172113E-004)
 (-6.852653967865627E-004,1.180101486719379E-003)
 (-2.749840536615649E-002,1.509203586427828E-002)
 (-4.611763772462016E-007,0.000000000000000E+000)
 (-1.191939297358499E-007,2.806364535029804E-007)
 (-1.107757568624350E-007,-4.030384804257897E-008)
 (2.627280183586740E-008,-1.072908694487753E-008)
 (5.217427024009362E-007,-8.767361971180593E-008)
 (-4.637332495402566E-007,-1.305606981321847E-007)
 (-1.226891473667140E-007,-9.106842350607502E-008)
 (1.024098706725532E-007,3.238065225958551E-007)
 (7.923164987076442E-008,-9.301138292934633E-008)
 (-3.091831972582476E-007,1.674732336821215E-007)
 (-1.212006816922891E-007,7.591608398841896E-008)
 (-1.467302657310520E-007,2.305485879842466E-007)
 (-2.675374896345538E-006,-3.012077559470504E-007)
 (-1.935365212995111E-006,3.161858100631902E-006)
 (8.362487865280107E-007,1.343705631747479E-005)
 (-9.806387228779004E-005,-1.618463538952724E-005)
 (-1.168338833440543E-004,-4.618700504981848E-005)
 (-3.524150318931492E-004,2.558107271160726E-003)
 (2.900083979129028E-003,-1.100910062642241E-003)
 (-2.275569402934715E-002,6.080519694569402E-003)
 (1.422803128449745E-007,0.000000000000000E+000)
 (-4.383560587968296E-008,9.391796161911929E-010)
 (7.612281420519527E-008,4.477602479788674E-008)
 (-1.815507380273053E-008,1.117251990305475E-008)
 (9.907047294969820E-009,-4.248584947276750E-008)
 (8.537551546057455E-008,-1.039835111423194E-007)
 (-3.225513268529586E-007,3.557762652633659E-008)
 (-6.992752344196093E-009,1.632860015096400E-007)
 (2.553177164130125E-007,-8.279850114134821E-008)
 (2.717403053471849E-008,-1.937639089695512E-007)
 (-9.744215775269404E-007,1.093859385390136E-007)
 (-5.690201250463946E-007,-5.074751847982583E-007)
 (1.004926894389422E-006,1.194634002669324E-006)
 (2.642086407995619E-006,-2.567061978104292E-007)
 (-1.775583111553270E-005,-1.034117533377484E-005)
 (-1.656098114683243E-005,-1.266189475234226E-005)
 (-1.601022796387924E-005,8.718093977708488E-005)
 (3.091458525043468E-005,-9.596350880897665E-006)
 (-1.025919176671116E-003,-5.626919912407642E-004)
 (9.071823067631555E-004,9.822888459228491E-004)
 (-3.598864153649378E-002,-4.224832720435318E-003)
